Height
179.163
166.702
181.815
167.206
174.854
169.738
168.47
180.236
176.722
176.455
177.344
159.89
170.695
175.939
164.106
183.037
176.173
168.189
174.939
187.151
172.712
188.08
171.395
164.81
175.362
170.083
172.432
176.225
167.631
181.852
182.829
166.862
161.826
178.178
175.241
174.202
168.929
180.279
171.381
175.875
176.935
175.604
183.044
177.033
179.088
173.497
169.5
170.494
168.836
179.376
168.221
174.37
186.996
174.862
169.347
183.055
172.964
170.237
171.735
179.53
172.084
170.05
165.797
174.208
173.33
174.641
180.662
184.155
174.495
168.282
173.383
182.816
182.424
166.837
168.028
179.424
179.151
165.347
172.089
180.628
170.822
181.821
172.819
177.507
184.442
178.22
171.077
172.183
169.296
179.714
172.953
168.173
169.218
173.257
174.993
169.071
179.644
173.757
174.521
166.249
174.154
176.434
177.323
178.381
175.061
174.664
174.351
180.311
185.518
176.699
170.664
172.733
171.792
180.615
186.833
177.491
176.162
175.391
153.223
181.308
166.918
179.969
181.557
162.704
167.253
172.46
176.635
170.947
174.132
177.09
175.35
177.018
176.994
172.773
177.559
163.426
170.854
169.465
177.414
173.398
169.79
163.882
175.894
171.933
175.902
171.641
170.666
167.891
176.038
163.31
